50548
50786
23575
12186
41931
62821
24848
49840
55765
43758
44313
19166
41271
22468
55817
17412
17279
14072
60563
11391
58885
496
31453
47088
43883
35554
14321
64779
11638
30724
25651
32389
29652
9820
9516
14000
53402
735
2878
31984
65119
3700
33187
37370
40988
28382
44908
24192
52339
52979
34500
56678
42763
21649
44345
20751
36803
20087
19438
45448
4682
43017
9289
18629
17975
10492
58494
43465
37238
35710
16949
45375
59834
18634
59370
2039
34664
27241
34489
21652
4511
49654
6488
28473
18849
12907
33065
10944
8349
35043
33564
45341
32575
6015
55892
46703
16283
30856
41472
32187
26974
45405
63817
36412
29374
16723
11081
9802
32742
26649
13467
46022
35711
17905
36826
34694
22338
5707
19740
25673
38843
8030
40430
40904
13439
32596
57900
8330
45817
32248
35384
19131
3763
47260
43790
50254
52324
24967
14458
6911
64978
60622
33773
42918
2344
11873
53964
20536
16447
61542
51315
61131
59451
64045
40501
30273
4529
63278
2346
24406
12736
34536
33351
20634
34646
23150
58366
19462
2433
50981
59612
21304
34360
51174
43939
27243
12611
29373
29234
4184
45648
25071
38061
45087
42201
10071
30962
45303
58842
20796
21143
42860
16207
52359
35061
50187
22979
2345
27173
1409
1410
30567
47809
28337
10570
1942
439
44699
2051
54762
23833
19924
17462
10665
41867
48829
35617
15958
29976
10259
13361
50953
14614
40931
18799
56207
25783
58599
21285
42334
33224
45255
12835
4915
30386
7234
12733
32305
27404
33190
64036
11952
9763
63548
63059
16756
64068
13976
13230
33991
46939
4219
28158
30538
60682
12655
26061
56623
7872
23910
25209
9190
53013
48945
51754
35915
16831
24414
35104
22662
2146
10125
60643
53542
21780
7303
2113
11493
20900
9989
26464
21535
31480
42451
8559
13493
4102
36488
21619
16644
51973
27244
2206
42229
21700
32199
59683
23427
40134
48795
20792
17703
41016
28548
54006
39209
17749
41426
41839
63701
4926
6554
39323
16475
30592
64896
40311
9683
27952
62597
18243
18439
7496
19651
56697
31788
4044
6310
2071
47087
53435
56109
12891
44228
17848
401
18058
5580
4484
36645
55993
27636
13202
45586
1917
32692
62369
33448
35492
46539
11955
42435
61041
61570
19236
33634
43526
43438
45059
63328
24391
20248
18425
61806
57032
31605
48291
9521
43065
21961
3068
23094
32517
59482
26938
59183
64537
4944
1263
39735
63738
22079
4128
40134
18942
49919
47894
20138
38776
17454
60878
62046
44263
65068
21635
49755
19199
64276
6715
33015
17159
54520
17503
48934
18650
32280
16656
21656
47539
12529
31923
62942
25297
37394
3552
30811
49199
58
136
64686
62289
21505
64712
57664
57561
3121
58198
26139
6945
16009
9000
21296
62811
2745
39455
41286
55034
44751
36700
9666
34806
28076
430
280
9383
61765
4507
8376
63754
45079
42199
32368
2173
40756
39791
582
11617
25910
40109
34684
50501
40477
58986
41862
57079
6508
56329
29914
511
25147
48634
6604
26419
10649
55017
2857
59906
11713
7070
42402
65230
4494
15715
50725
36200
59035
16331
47783
64744
22151
61774
34937
59605
50384
5435
60831
37878
7905
29905
45530
1267
35788
30601
8290
59542
48260
53114
35618
36677
14638
26958
54666
9071
60325
20117
28280
10014
5090
57626
12287
19631
19422
38100
4026
23267
52900
38910
50370
21699
42444
9367
53171
64232
304
12175
4003
43874
58272
61266
4834
63628
37824
6279
3508
11021
16216
31720
10954
33122
55459
56951
15014
60554
3475
58617
32533
26507
63480
57385
61559
51987
47154
18294
18955
12695
494
1962
62207
65327
61496
14598
27161
23942
29713
51217
50005
15218
55955
34040
32885
31686
15987
33417
12572
9119
65489
48605
54036
51269
24016
30509
33322
52194
4834
10508
11905
53491
61425
37298
29465
11036
14179
10392
21065
35405
16360
46336
17847
4232
19490
36744
18702
60361
42999
42024
3170
14874
58055
15190
27507
53062
20271
19040
25547
40551
63967
58626
45936
22477
47389
61164
54956
55824
17076
23359
29640
38211
54806
54567
14683
62934
47264
16011
32166
29678
49912
58380
25954
26600
37849
59188
15522
18387
44902
13287
57204
18455
11739
21658
22449
28001
29152
52266
7273
11249
16877
58423
62403
35307
10560
28283
19483
1273
4206
5682
51983
61399
60271
1905
52047
43125
20435
54413
59979
35745
59749
16547
40968
23957
33440
35126
2909
34814
41159
47870
44509
60380
15793
52870
13120
35009
43959
43904
41547
10523
9887
44276
28442
62817
32669
61381
62216
62307
63003
10249
19151
19756
62477
13079
43731
55476
38537
21475
57743
59540
47882
26592
11088
27493
35638
19399
14110
56343
3138
44212
31963
26484
10480
10647
57052
60089
42265
44884
16248
23106
52451
36139
54221
38674
59271
50004
53812
29548
10991
23012
52006
27477
21028
11605
53417
33483
244
4086
14617
33261
50171
38646
39036
60606
63670
36411
46573
12668
65254
15084
8952
35663
18010
6296
28575
32875
41869
7140
8500
2007
40353
13881
55941
44366
29281
33823
62287
13876
27742
23094
57803
43723
62743
7922
50620
24496
58578
20581
28335
59084
54398
14474
55734
14633
18143
5990
15328
5669
1732
5040
49201
29993
847
10284
36955
1790
45683
53349
6410
32745
51342
10911
43951
44444
6844
4492
14896
63609
17569
48647
25483
47213
10733
27399
64783
59280
27699
19297
45291
63840
14091
42223
53885
35244
25343
52955
45405
56307
29697
3033
10216
49037
46583
9479
61218
61577
2518
22856
6798
56636
29681
44939
39220
20190
18652
15037
28662
40219
54700
5209
45663
12995
31437
8462
52476
29112
37505
29119
9484
48996
54588
52457
12059
20057
45852
41162
5991
18127
49892
181
48596
17285
45039
1757
53740
52339
15015
56117
9304
63986
60770
1644
2210
47832
9041
41367
50638
11181
13280
22073
23931
60874
54126
10977
18655
47190
38460
26007
32932
17309
38091
45525
10601
54983
21790
31605
27074
57711
45932
36300
14713
13195
45673
27978
50014
14186
2063
13857
15594
33007
21457
41499
51208
39799
7822
65309
5466
6804
51208
38199
32491
493
4267
12938
17983
58325
65091
13154
31703
62751
60959
33123
62295
30051
1020
15496
1289
28121
4868
20276
56772
991
10535
19250
50981
38968
7635
812
20092
9833
48980
16985
3637
57694
20142
24065
20210
51548
1119
43346
53407
58352
63901
52999
2830
